p	256	4096
a	0	1	28
a	0	2	26
a	0	3	95
a	0	4	7
a	0	5	40
a	0	6	12
a	0	7	42
a	0	8	33
a	0	9	60
a	0	10	8
a	0	11	50
a	0	12	10
a	0	13	28
a	0	14	18
a	0	16	31
a	0	17	22
a	0	18	99
a	0	20	24
a	0	21	20
a	0	23	53
a	0	24	30
a	0	25	100
a	0	26	34
a	0	28	90
a	0	32	44
a	0	33	43
a	0	34	23
a	0	35	35
a	0	36	23
a	0	37	48
a	0	38	52
a	0	40	37
a	0	41	78
a	0	44	13
a	0	45	66
a	0	46	14
a	0	47	68
a	0	48	59
a	0	50	54
a	0	52	85
a	0	53	49
a	0	57	60
a	0	60	51
a	0	61	29
a	0	64	28
a	0	65	62
a	0	66	77
a	0	67	16
a	0	68	9
a	0	69	17
a	0	70	70
a	0	72	4
a	0	73	68
a	0	74	61
a	0	76	84
a	0	78	51
a	0	79	93
a	0	80	1
a	0	81	33
a	0	82	16
a	0	88	33
a	0	92	59
a	0	96	61
a	0	97	54
a	0	100	54
a	0	105	45
a	0	112	54
a	0	118	48
a	0	128	18
a	0	129	47
a	0	130	68
a	0	131	85
a	0	132	53
a	0	133	35
a	0	134	4
a	0	135	9
a	0	136	84
a	0	137	57
a	0	138	55
a	0	139	40
a	0	140	68
a	0	141	23
a	0	142	62
a	0	144	55
a	0	145	100
a	0	146	83
a	0	147	4
a	0	148	68
a	0	149	38
a	0	150	94
a	0	152	54
a	0	153	97
a	0	154	52
a	0	155	17
a	0	160	78
a	0	161	53
a	0	162	54
a	0	163	10
a	0	164	88
a	0	165	78
a	0	166	66
a	0	168	30
a	0	169	49
a	0	172	33
a	0	173	72
a	0	176	32
a	0	177	32
a	0	179	10
a	0	180	19
a	0	181	36
a	0	184	69
a	0	185	79
a	0	192	28
a	0	193	13
a	0	194	4
a	0	195	41
a	0	196	82
a	0	197	32
a	0	200	31
a	0	201	94
a	0	203	74
a	0	204	90
a	0	205	35
a	0	208	17
a	0	209	91
a	0	212	80
a	0	213	28
a	0	216	21
a	0	218	80
a	0	221	32
a	0	224	55
a	0	225	71
a	0	229	76
a	0	230	14
a	0	232	68
a	0	252	38
a	1	0	34
a	1	2	88
a	1	3	80
a	1	4	49
a	1	5	3
a	1	6	80
a	1	7	64
a	1	8	20
a	1	9	5
a	1	10	32
a	1	11	27
a	1	12	59
a	1	14	50
a	1	16	86
a	1	17	72
a	1	18	28
a	1	19	96
a	1	20	60
a	1	21	20
a	1	24	73
a	1	25	42
a	1	26	90
a	1	28	75
a	1	32	57
a	1	33	30
a	1	34	70
a	1	35	32
a	1	36	87
a	1	37	92
a	1	38	61
a	1	40	38
a	1	41	55
a	1	44	68
a	1	48	11
a	1	52	19
a	1	64	42
a	1	65	19
a	1	67	55
a	1	68	24
a	1	69	4
a	1	70	48
a	1	72	24
a	1	76	19
a	1	77	64
a	1	78	56
a	1	81	86
a	1	83	45
a	1	84	46
a	1	85	66
a	1	96	82
a	1	97	40
a	1	101	95
a	1	105	85
a	1	113	39
a	1	128	58
a	1	129	34
a	1	130	70
a	1	131	22
a	1	132	54
a	1	133	14
a	1	134	6
a	1	135	13
a	1	136	78
a	1	137	17
a	1	138	100
a	1	139	77
a	1	140	78
a	1	142	59
a	1	144	71
a	1	145	53
a	1	148	76
a	1	152	42
a	1	160	71
a	1	161	37
a	1	162	61
a	1	163	44
a	1	164	100
a	1	165	52
a	1	168	3
a	1	170	5
a	1	171	11
a	1	172	98
a	1	173	20
a	1	174	70
a	1	176	44
a	1	177	81
a	1	180	21
a	1	181	74
a	1	182	31
a	1	192	86
a	1	193	78
a	1	195	69
a	1	196	95
a	1	197	39
a	1	198	49
a	1	208	99
a	1	212	55
a	1	224	34
a	1	225	9
a	1	226	6
a	1	228	7
a	1	230	48
a	2	0	85
a	2	1	94
a	2	3	87
a	2	4	90
a	2	5	57
a	2	6	79
a	2	7	98
a	2	8	28
a	2	9	48
a	2	10	36
a	2	11	86
a	2	12	93
a	2	13	71
a	2	16	15
a	2	17	59
a	2	18	15
a	2	19	21
a	2	20	8
a	2	21	9
a	2	24	35
a	2	26	88
a	2	32	31
a	2	33	81
a	2	34	90
a	2	35	86
a	2	36	93
a	2	37	61
a	2	39	97
a	2	40	19
a	2	41	46
a	2	43	59
a	2	44	2
a	2	45	59
a	2	46	32
a	2	53	76
a	2	64	37
a	2	65	34
a	2	66	78
a	2	68	51
a	2	69	42
a	2	72	48
a	2	78	19
a	2	80	21
a	2	81	15
a	2	83	34
a	2	96	9
a	2	99	54
a	2	100	60
a	2	128	82
a	2	129	81
a	2	130	64
a	2	131	73
a	2	132	23
a	2	133	5
a	2	134	37
a	2	136	40
a	2	137	63
a	2	138	31
a	2	139	75
a	2	140	19
a	2	144	77
a	2	145	40
a	2	146	43
a	2	149	28
a	2	150	44
a	2	151	5
a	2	152	15
a	2	154	36
a	2	155	77
a	2	160	12
a	2	161	69
a	2	162	77
a	2	164	82
a	2	165	74
a	2	166	71
a	2	176	20
a	2	177	68
a	2	179	92
a	2	184	69
a	2	188	29
a	2	192	75
a	2	193	80
a	2	194	91
a	2	196	75
a	2	197	11
a	2	198	57
a	2	200	20
a	2	202	47
a	2	204	29
a	2	208	58
a	2	209	51
a	2	210	25
a	2	220	38
a	2	224	38
a	2	225	55
a	3	0	30
a	3	1	63
a	3	2	40
a	3	4	82
a	3	5	16
a	3	7	30
a	3	8	77
a	3	9	86
a	3	10	2
a	3	11	3
a	3	16	6
a	3	18	24
a	3	20	99
a	3	24	94
a	3	28	64
a	3	32	92
a	3	33	46
a	3	34	5
a	3	36	37
a	3	38	85
a	3	40	91
a	3	41	77
a	3	48	85
a	3	49	100
a	3	64	88
a	3	66	6
a	3	68	97
a	3	72	47
a	3	74	36
a	3	104	83
a	3	112	26
a	3	116	8
a	3	128	60
a	3	129	78
a	3	130	9
a	3	132	19
a	3	133	73
a	3	136	87
a	3	138	2
a	3	141	12
a	3	144	37
a	3	145	39
a	3	146	90
a	3	156	36
a	3	160	45
a	3	161	88
a	3	162	54
a	3	164	91
a	3	167	27
a	3	192	23
a	3	194	65
a	3	197	35
a	3	199	99
a	3	200	29
a	3	208	81
a	3	216	99
a	3	224	63
a	3	244	26
a	4	0	84
a	4	1	81
a	4	2	51
a	4	3	19
a	4	5	12
a	4	6	96
a	4	7	26
a	4	8	58
a	4	9	61
a	4	10	33
a	4	11	7
a	4	12	11
a	4	14	74
a	4	16	77
a	4	17	58
a	4	18	21
a	4	20	19
a	4	22	59
a	4	24	23
a	4	25	17
a	4	29	89
a	4	32	55
a	4	33	3
a	4	34	86
a	4	36	18
a	4	37	34
a	4	39	20
a	4	40	38
a	4	41	27
a	4	42	83
a	4	44	56
a	4	50	24
a	4	57	32
a	4	60	43
a	4	64	69
a	4	65	39
a	4	66	35
a	4	67	96
a	4	68	55
a	4	71	14
a	4	72	59
a	4	73	99
a	4	76	89
a	4	81	80
a	4	84	41
a	4	96	87
a	4	97	61
a	4	98	57
a	4	99	91
a	4	100	82
a	4	110	99
a	4	128	38
a	4	129	85
a	4	130	50
a	4	131	99
a	4	132	58
a	4	133	30
a	4	134	38
a	4	135	42
a	4	136	61
a	4	137	5
a	4	138	38
a	4	139	6
a	4	140	13
a	4	141	95
a	4	144	16
a	4	145	57
a	4	146	99
a	4	147	27
a	4	148	1
a	4	150	97
a	4	152	95
a	4	157	7
a	4	160	91
a	4	161	92
a	4	163	99
a	4	164	84
a	4	165	40
a	4	166	57
a	4	168	65
a	4	169	25
a	4	172	87
a	4	173	77
a	4	176	98
a	4	178	23
a	4	192	61
a	4	193	20
a	4	194	74
a	4	195	81
a	4	196	3
a	4	197	57
a	4	198	18
a	4	203	22
a	4	204	99
a	4	208	3
a	4	209	45
a	4	224	48
a	4	225	52
a	4	228	20
a	4	231	6
a	4	249	16
a	5	0	53
a	5	1	14
a	5	2	92
a	5	3	25
a	5	4	12
a	5	6	60
a	5	8	63
a	5	9	38
a	5	12	39
a	5	16	84
a	5	24	30
a	5	32	42
a	5	33	27
a	5	36	63
a	5	38	38
a	5	40	46
a	5	42	21
a	5	44	24
a	5	45	46
a	5	46	94
a	5	64	50
a	5	65	92
a	5	66	48
a	5	67	83
a	5	68	45
a	5	72	57
a	5	73	79
a	5	74	32
a	5	96	34
a	5	116	66
a	5	128	96
a	5	129	59
a	5	130	42
a	5	131	94
a	5	132	6
a	5	136	42
a	5	137	66
a	5	139	73
a	5	142	93
a	5	144	39
a	5	146	43
a	5	160	60
a	5	161	51
a	5	164	80
a	5	176	83
a	5	192	67
a	5	196	53
a	5	201	90
a	5	209	76
a	5	224	59
a	5	246	63
a	5	250	69
a	6	0	65
a	6	1	13
a	6	2	47
a	6	3	51
a	6	4	78
a	6	5	1
a	6	7	47
a	6	8	77
a	6	9	12
a	6	10	75
a	6	11	26
a	6	12	39
a	6	13	74
a	6	16	79
a	6	17	8
a	6	21	65
a	6	32	57
a	6	33	79
a	6	35	96
a	6	37	84
a	6	40	26
a	6	42	25
a	6	43	29
a	6	45	18
a	6	48	37
a	6	49	34
a	6	64	96
a	6	65	20
a	6	66	60
a	6	70	27
a	6	73	81
a	6	96	54
a	6	112	1
a	6	128	54
a	6	129	72
a	6	130	86
a	6	131	9
a	6	132	83
a	6	133	58
a	6	134	18
a	6	135	65
a	6	136	58
a	6	137	80
a	6	138	68
a	6	139	39
a	6	148	60
a	6	149	79
a	6	153	79
a	6	155	53
a	6	158	66
a	6	160	41
a	6	162	91
a	6	164	7
a	6	165	9
a	6	169	79
a	6	176	16
a	6	181	38
a	6	192	16
a	6	193	47
a	6	194	95
a	6	197	84
a	6	200	42
a	6	201	35
a	6	226	74
a	6	228	43
a	6	229	52
a	6	231	71
a	7	0	9
a	7	2	2
a	7	3	6
a	7	4	60
a	7	5	36
a	7	8	77
a	7	12	69
a	7	14	29
a	7	16	86
a	7	17	40
a	7	34	16
a	7	42	71
a	7	64	15
a	7	71	22
a	7	128	53
a	7	130	19
a	7	132	51
a	7	136	58
a	7	145	91
a	7	160	15
a	7	161	47
a	7	162	31
a	7	164	29
a	7	165	37
a	7	174	35
a	7	176	44
a	7	194	50
a	7	201	66
a	7	220	64
a	7	226	73
a	8	0	46
a	8	1	43
a	8	2	66
a	8	3	69
a	8	4	64
a	8	5	72
a	8	6	58
a	8	9	24
a	8	12	26
a	8	16	70
a	8	18	30
a	8	19	96
a	8	20	80
a	8	21	79
a	8	32	81
a	8	33	96
a	8	34	69
a	8	36	11
a	8	40	5
a	8	41	99
a	8	42	70
a	8	44	97
a	8	48	22
a	8	64	63
a	8	65	97
a	8	66	95
a	8	69	93
a	8	72	15
a	8	73	37
a	8	76	22
a	8	77	4
a	8	81	77
a	8	96	50
a	8	97	85
a	8	99	72
a	8	104	2
a	8	121	63
a	8	128	27
a	8	129	56
a	8	130	87
a	8	131	86
a	8	132	91
a	8	133	64
a	8	134	77
a	8	136	4
a	8	141	40
a	8	143	97
a	8	144	43
a	8	145	74
a	8	146	25
a	8	148	31
a	8	160	30
a	8	161	99
a	8	164	58
a	8	166	5
a	8	177	9
a	8	189	43
a	8	192	100
a	8	193	8
a	8	196	95
a	8	200	51
a	8	208	58
a	8	226	54
a	8	240	34
a	9	0	42
a	9	1	12
a	9	3	96
a	9	4	13
a	9	5	100
a	9	14	24
a	9	20	10
a	9	25	40
a	9	26	45
a	9	29	35
a	9	32	74
a	9	33	34
a	9	36	28
a	9	40	93
a	9	64	28
a	9	96	91
a	9	128	68
a	9	132	88
a	9	133	96
a	9	136	4
a	9	137	50
a	9	140	6
a	9	141	32
a	9	144	83
a	9	152	64
a	9	154	61
a	9	164	56
a	9	168	55
a	9	172	58
a	9	176	2
a	9	192	19
a	9	196	92
a	9	197	40
a	10	0	69
a	10	1	72
a	10	4	58
a	10	5	59
a	10	8	76
a	10	13	17
a	10	16	60
a	10	17	99
a	10	20	70
a	10	32	18
a	10	36	99
a	10	57	7
a	10	73	91
a	10	75	49
a	10	128	72
a	10	129	51
a	10	130	89
a	10	131	32
a	10	132	19
a	10	136	19
a	10	137	52
a	10	140	88
a	10	160	56
a	10	162	92
a	10	170	73
a	10	194	1
a	10	196	23
a	10	224	9
a	11	0	59
a	11	1	79
a	11	4	30
a	11	8	62
a	11	68	52
a	11	128	27
a	11	132	82
a	11	136	7
a	11	138	67
a	11	148	48
a	11	192	91
a	12	0	11
a	12	1	25
a	12	2	75
a	12	4	88
a	12	7	91
a	12	10	21
a	12	14	81
a	12	16	15
a	12	17	62
a	12	18	71
a	12	32	32
a	12	33	56
a	12	36	13
a	12	40	53
a	12	48	1
a	12	64	40
a	12	65	27
a	12	83	25
a	12	116	40
a	12	128	3
a	12	129	75
a	12	133	73
a	12	136	28
a	12	137	94
a	12	140	64
a	12	144	52
a	12	145	85
a	12	148	3
a	12	149	2
a	12	153	88
a	12	160	19
a	12	162	6
a	12	193	54
a	12	196	48
a	12	197	21
a	12	224	33
a	13	0	74
a	13	1	16
a	13	2	58
a	13	4	46
a	13	8	74
a	13	12	3
a	13	16	47
a	13	32	16
a	13	44	70
a	13	73	4
a	13	80	41
a	13	128	39
a	13	129	41
a	13	130	96
a	13	132	96
a	13	136	19
a	13	139	49
a	13	140	95
a	13	160	4
a	13	162	27
a	13	166	8
a	13	168	49
a	13	224	31
a	14	0	30
a	14	2	50
a	14	3	3
a	14	7	95
a	14	9	43
a	14	16	100
a	14	32	46
a	14	97	93
a	14	128	14
a	14	129	9
a	14	131	47
a	14	133	22
a	14	136	27
a	14	161	99
a	14	162	44
a	14	178	93
a	14	192	9
a	14	197	4
a	15	2	6
a	15	4	62
a	15	5	93
a	15	12	74
a	15	32	55
a	15	128	86
a	15	144	8
a	16	0	39
a	16	1	50
a	16	2	22
a	16	4	73
a	16	5	89
a	16	7	48
a	16	8	8
a	16	9	16
a	16	14	48
a	16	17	22
a	16	18	11
a	16	19	76
a	16	20	25
a	16	21	16
a	16	24	22
a	16	25	28
a	16	28	32
a	16	31	60
a	16	32	29
a	16	33	84
a	16	34	85
a	16	36	43
a	16	37	15
a	16	40	32
a	16	41	56
a	16	48	71
a	16	49	91
a	16	52	74
a	16	61	37
a	16	64	94
a	16	78	88
a	16	80	24
a	16	81	13
a	16	96	69
a	16	98	79
a	16	108	8
a	16	110	70
a	16	128	9
a	16	129	92
a	16	130	31
a	16	131	12
a	16	132	22
a	16	133	23
a	16	134	7
a	16	136	73
a	16	140	14
a	16	144	37
a	16	145	17
a	16	146	2
a	16	147	40
a	16	148	45
a	16	149	75
a	16	151	16
a	16	152	40
a	16	153	48
a	16	156	30
a	16	160	50
a	16	161	14
a	16	162	69
a	16	163	18
a	16	164	43
a	16	178	64
a	16	183	12
a	16	184	36
a	16	190	50
a	16	192	93
a	16	195	77
a	16	197	5
a	16	200	56
a	16	202	51
a	16	203	52
a	16	204	29
a	16	205	42
a	16	212	58
a	16	224	24
a	16	236	42
a	16	242	28
a	17	0	18
a	17	2	56
a	17	4	42
a	17	6	29
a	17	8	81
a	17	9	84
a	17	16	22
a	17	20	43
a	17	21	66
a	17	32	60
a	17	34	30
a	17	35	30
a	17	48	59
a	17	52	14
a	17	64	29
a	17	70	44
a	17	81	6
a	17	93	94
a	17	128	97
a	17	129	59
a	17	131	38
a	17	132	70
a	17	134	70
a	17	136	51
a	17	144	51
a	17	145	51
a	17	153	9
a	17	160	58
a	17	161	23
a	17	164	57
a	17	176	16
a	17	177	73
a	17	192	99
a	17	208	34
a	17	216	48
a	17	224	43
a	17	228	51
a	17	240	65
a	18	0	51
a	18	4	59
a	18	6	9
a	18	9	12
a	18	10	71
a	18	13	95
a	18	16	39
a	18	17	24
a	18	25	7
a	18	28	92
a	18	32	51
a	18	36	29
a	18	45	5
a	18	68	61
a	18	74	87
a	18	84	86
a	18	91	44
a	18	109	62
a	18	130	77
a	18	132	13
a	18	136	22
a	18	139	3
a	18	144	56
a	18	148	6
a	18	150	61
a	18	152	65
a	18	153	83
a	18	157	44
a	18	160	57
a	18	161	61
a	18	162	57
a	18	168	93
a	18	192	81
a	18	197	57
a	18	228	14
a	19	0	59
a	19	1	15
a	19	4	62
a	19	8	94
a	19	13	39
a	19	16	89
a	19	18	10
a	19	39	88
a	19	49	77
a	19	55	78
a	19	65	66
a	19	68	4
a	19	80	64
a	19	81	63
a	19	121	71
a	19	128	16
a	19	129	59
a	19	131	34
a	19	144	70
a	19	148	63
a	19	153	36
a	19	192	13
a	20	0	28
a	20	1	87
a	20	2	60
a	20	4	11
a	20	5	87
a	20	8	48
a	20	9	11
a	20	16	68
a	20	17	99
a	20	18	85
a	20	19	17
a	20	21	1
a	20	24	35
a	20	27	35
a	20	28	13
a	20	32	37
a	20	41	60
a	20	45	96
a	20	49	90
a	20	64	14
a	20	65	70
a	20	68	26
a	20	97	56
a	20	113	32
a	20	128	56
a	20	129	84
a	20	132	36
a	20	136	60
a	20	137	7
a	20	141	96
a	20	145	21
a	20	148	35
a	20	158	22
a	20	161	86
a	20	162	16
a	20	164	100
a	20	169	77
a	20	171	80
a	20	176	79
a	20	184	96
a	20	194	49
a	20	196	14
a	20	197	67
a	20	208	85
a	20	209	38
a	20	226	51
a	20	240	76
a	21	0	21
a	21	1	68
a	21	4	80
a	21	8	48
a	21	16	59
a	21	20	91
a	21	36	61
a	21	40	58
a	21	48	85
a	21	49	2
a	21	64	54
a	21	128	20
a	21	130	96
a	21	132	14
a	21	136	76
a	21	137	84
a	21	144	61
a	21	146	46
a	21	148	13
a	21	164	43
a	21	168	62
a	21	193	6
a	21	205	48
a	22	0	30
a	22	2	85
a	22	12	81
a	22	16	51
a	22	17	48
a	22	20	71
a	22	38	47
a	22	50	33
a	22	101	72
a	22	114	67
a	22	128	35
a	22	136	100
a	22	138	32
a	22	144	11
a	22	145	63
a	22	146	92
a	22	148	47
a	22	161	24
a	22	169	97
a	22	185	22
a	22	192	15
a	22	202	90
a	22	209	10
a	22	210	39
a	23	0	86
a	23	8	22
a	23	12	34
a	23	17	55
a	23	38	94
a	23	64	84
a	23	135	71
a	23	136	24
a	23	138	78
a	24	0	19
a	24	1	97
a	24	2	39
a	24	4	60
a	24	5	15
a	24	16	93
a	24	17	18
a	24	21	87
a	24	32	41
a	24	64	97
a	24	69	39
a	24	75	10
a	24	80	48
a	24	96	44
a	24	116	44
a	24	128	6
a	24	129	83
a	24	130	97
a	24	132	39
a	24	137	54
a	24	144	2
a	24	145	5
a	24	160	52
a	24	193	41
a	24	204	11
a	24	209	24
a	24	212	29
a	25	0	91
a	25	6	70
a	25	128	89
a	25	129	53
a	25	144	49
a	25	152	14
a	26	1	74
a	26	2	8
a	26	90	67
a	26	128	17
a	26	130	94
a	26	132	82
a	26	137	87
a	26	138	37
a	26	149	25
a	27	9	73
a	27	21	80
a	27	32	97
a	27	136	8
a	27	146	81
a	27	160	67
a	27	200	96
a	28	1	98
a	28	5	18
a	28	8	96
a	28	19	76
a	28	88	21
a	28	128	96
a	28	133	100
a	28	137	58
a	28	147	21
a	28	162	2
a	29	17	45
a	29	32	71
a	29	50	26
a	29	136	19
a	29	168	79
a	30	0	86
a	30	1	92
a	30	128	14
a	30	129	94
a	31	24	97
a	31	156	84
a	32	0	72
a	32	1	16
a	32	2	85
a	32	3	29
a	32	4	4
a	32	5	72
a	32	6	70
a	32	7	51
a	32	8	10
a	32	9	39
a	32	10	26
a	32	12	95
a	32	13	58
a	32	16	66
a	32	17	40
a	32	18	75
a	32	19	91
a	32	20	63
a	32	21	56
a	32	22	69
a	32	28	71
a	32	29	65
a	32	33	89
a	32	34	6
a	32	36	81
a	32	37	51
a	32	38	83
a	32	40	63
a	32	41	39
a	32	44	60
a	32	48	23
a	32	49	20
a	32	53	13
a	32	54	60
a	32	64	76
a	32	65	87
a	32	66	17
a	32	67	73
a	32	68	23
a	32	69	55
a	32	70	7
a	32	72	8
a	32	80	4
a	32	84	89
a	32	96	20
a	32	97	42
a	32	119	66
a	32	128	31
a	32	129	95
a	32	130	75
a	32	131	65
a	32	132	83
a	32	133	20
a	32	134	54
a	32	136	7
a	32	137	3
a	32	139	40
a	32	140	21
a	32	141	86
a	32	143	7
a	32	144	84
a	32	145	46
a	32	146	43
a	32	148	10
a	32	149	36
a	32	150	21
a	32	152	69
a	32	153	12
a	32	156	31
a	32	160	68
a	32	161	32
a	32	164	55
a	32	166	29
a	32	167	9
a	32	168	60
a	32	169	16
a	32	173	84
a	32	192	7
a	32	193	83
a	32	195	41
a	32	196	47
a	32	197	91
a	32	204	10
a	32	216	77
a	32	224	92
a	32	227	8
a	33	0	89
a	33	1	79
a	33	2	68
a	33	4	29
a	33	5	5
a	33	6	79
a	33	8	12
a	33	9	26
a	33	11	58
a	33	12	85
a	33	13	78
a	33	16	10
a	33	17	90
a	33	18	92
a	33	21	80
a	33	32	100
a	33	34	53
a	33	36	6
a	33	40	68
a	33	41	47
a	33	48	21
a	33	50	16
a	33	52	89
a	33	64	98
a	33	65	93
a	33	66	44
a	33	68	17
a	33	74	12
a	33	82	81
a	33	84	73
a	33	96	19
a	33	97	87
a	33	109	19
a	33	128	83
a	33	129	11
a	33	130	24
a	33	132	85
a	33	134	36
a	33	135	72
a	33	136	38
a	33	137	46
a	33	138	27
a	33	140	50
a	33	144	84
a	33	145	62
a	33	148	10
a	33	160	60
a	33	161	9
a	33	164	26
a	33	168	49
a	33	169	91
a	33	181	48
a	33	192	51
a	33	193	65
a	33	194	99
a	33	196	17
a	33	197	53
a	33	198	34
a	33	209	58
a	33	224	48
a	34	0	35
a	34	1	92
a	34	2	27
a	34	3	80
a	34	4	26
a	34	6	15
a	34	8	28
a	34	9	65
a	34	10	71
a	34	11	38
a	34	12	75
a	34	15	14
a	34	17	72
a	34	19	2
a	34	25	73
a	34	32	42
a	34	36	73
a	34	38	96
a	34	40	24
a	34	47	31
a	34	48	71
a	34	64	44
a	34	65	43
a	34	66	75
a	34	68	6
a	34	69	6
a	34	77	72
a	34	96	91
a	34	98	68
a	34	128	21
a	34	129	89
a	34	130	57
a	34	131	61
a	34	132	26
a	34	133	94
a	34	134	66
a	34	136	88
a	34	140	31
a	34	141	45
a	34	144	92
a	34	145	37
a	34	146	85
a	34	148	19
a	34	149	12
a	34	150	49
a	34	160	35
a	34	162	38
a	34	164	64
a	34	165	79
a	34	169	72
a	34	192	16
a	34	197	95
a	34	228	93
a	35	0	7
a	35	2	3
a	35	5	41
a	35	12	46
a	35	16	92
a	35	20	81
a	35	34	80
a	35	36	56
a	35	40	70
a	35	43	74
a	35	64	7
a	35	65	14
a	35	128	39
a	35	129	60
a	35	130	90
a	35	136	2
a	35	138	3
a	35	144	31
a	35	160	22
a	35	161	93
a	35	162	77
a	35	192	96
a	35	193	22
a	35	194	3
a	35	232	66
a	36	0	82
a	36	1	38
a	36	2	100
a	36	3	39
a	36	4	67
a	36	5	24
a	36	8	78
a	36	9	5
a	36	10	96
a	36	16	68
a	36	17	63
a	36	18	7
a	36	25	97
a	36	32	1
a	36	33	23
a	36	40	100
a	36	41	55
a	36	48	44
a	36	49	77
a	36	50	94
a	36	57	22
a	36	64	90
a	36	68	77
a	36	80	58
a	36	81	65
a	36	84	82
a	36	88	46
a	36	89	81
a	36	96	19
a	36	104	28
a	36	108	80
a	36	128	22
a	36	129	77
a	36	130	37
a	36	132	57
a	36	133	29
a	36	136	70
a	36	137	38
a	36	138	91
a	36	139	23
a	36	140	86
a	36	141	23
a	36	144	14
a	36	146	7
a	36	147	13
a	36	148	69
a	36	156	84
a	36	160	81
a	36	161	38
a	36	168	58
a	36	169	40
a	36	176	97
a	36	180	63
a	36	192	32
a	36	193	71
a	36	197	78
a	36	200	96
a	36	206	44
a	36	212	68
a	36	224	75
a	37	0	92
a	37	1	36
a	37	2	3
a	37	4	53
a	37	5	38
a	37	8	4
a	37	9	32
a	37	12	78
a	37	13	72
a	37	14	50
a	37	16	21
a	37	18	38
a	37	20	8
a	37	24	51
a	37	33	53
a	37	34	48
a	37	36	12
a	37	40	56
a	37	64	6
a	37	65	39
a	37	68	43
a	37	72	20
a	37	96	18
a	37	104	14
a	37	128	28
a	37	129	44
a	37	130	93
a	37	132	29
a	37	133	83
a	37	134	29
a	37	136	30
a	37	144	65
a	37	160	78
a	37	161	56
a	37	162	47
a	37	165	25
a	37	169	22
a	37	178	100
a	37	184	10
a	37	200	62
a	37	224	46
a	38	0	3
a	38	1	30
a	38	2	8
a	38	4	10
a	38	5	42
a	38	9	33
a	38	10	94
a	38	11	68
a	38	12	34
a	38	14	39
a	38	15	83
a	38	22	63
a	38	28	43
a	38	36	95
a	38	49	58
a	38	64	53
a	38	65	48
a	38	68	36
a	38	128	63
a	38	129	23
a	38	131	63
a	38	132	38
a	38	133	100
a	38	134	30
a	38	135	19
a	38	137	70
a	38	141	59
a	38	144	56
a	38	148	91
a	38	160	76
a	38	163	20
a	38	192	87
a	38	201	33
a	38	224	68
a	39	0	45
a	39	5	9
a	39	6	99
a	39	9	79
a	39	24	8
a	39	42	77
a	39	66	68
a	39	128	14
a	39	132	45
a	39	133	66
a	39	136	18
a	39	144	54
a	39	146	37
a	39	168	61
a	39	225	30
a	40	0	71
a	40	1	90
a	40	2	23
a	40	4	89
a	40	5	59
a	40	8	95
a	40	9	91
a	40	10	90
a	40	11	11
a	40	16	63
a	40	17	13
a	40	20	27
a	40	36	8
a	40	66	33
a	40	67	16
a	40	68	37
a	40	69	65
a	40	73	51
a	40	105	33
a	40	128	34
a	40	129	5
a	40	130	91
a	40	132	32
a	40	133	49
a	40	134	79
a	40	136	41
a	40	141	91
a	40	145	49
a	40	156	41
a	40	160	66
a	40	161	33
a	40	164	34
a	40	193	53
a	40	200	33
a	40	201	64
a	40	215	24
a	40	233	65
a	41	0	36
a	41	1	94
a	41	2	56
a	41	4	26
a	41	6	97
a	41	8	36
a	41	16	68
a	41	32	24
a	41	48	85
a	41	64	77
a	41	65	10
a	41	72	35
a	41	78	44
a	41	128	13
a	41	129	72
a	41	130	32
a	41	132	47
a	41	133	9
a	41	135	66
a	41	143	30
a	41	144	75
a	42	0	18
a	42	1	52
a	42	2	39
a	42	6	63
a	42	16	44
a	42	20	66
a	42	36	20
a	42	66	71
a	42	73	98
a	42	128	34
a	42	129	20
a	42	132	45
a	42	133	30
a	42	136	37
a	42	152	83
a	42	192	40
a	42	193	10
a	42	208	16
a	43	0	2
a	43	4	60
a	43	32	5
a	43	128	72
a	43	130	73
a	43	133	98
a	43	136	26
a	43	196	48
a	44	0	9
a	44	1	52
a	44	2	11
a	44	8	66
a	44	9	43
a	44	13	38
a	44	24	5
a	44	29	52
a	44	30	61
a	44	40	82
a	44	64	55
a	44	65	96
a	44	68	91
a	44	73	5
a	44	81	20
a	44	128	58
a	44	129	92
a	44	136	15
a	44	147	17
a	44	169	45
a	44	176	38
a	44	188	26
a	44	201	27
a	45	1	21
a	45	17	20
a	45	40	14
a	45	76	24
a	45	128	72
a	45	129	55
a	45	136	3
a	45	160	52
a	46	0	78
a	46	2	87
a	46	35	13
a	46	39	67
a	46	64	61
a	46	80	82
a	46	128	71
a	46	129	45
a	46	131	20
a	46	140	49
a	46	161	80
a	46	193	21
a	47	0	87
a	47	132	2
a	47	136	87
a	48	0	31
a	48	1	84
a	48	3	81
a	48	4	42
a	48	6	56
a	48	7	21
a	48	8	23
a	48	9	41
a	48	12	86
a	48	16	43
a	48	17	56
a	48	20	6
a	48	21	52
a	48	24	21
a	48	28	77
a	48	32	39
a	48	36	46
a	48	37	19
a	48	38	13
a	48	40	48
a	48	64	92
a	48	68	55
a	48	80	87
a	48	81	38
a	48	84	77
a	48	98	73
a	48	128	48
a	48	129	17
a	48	130	87
a	48	132	64
a	48	133	5
a	48	134	89
a	48	136	74
a	48	137	77
a	48	139	84
a	48	144	22
a	48	145	13
a	48	146	36
a	48	148	90
a	48	149	26
a	48	156	27
a	48	160	52
a	48	176	56
a	48	180	97
a	48	192	26
a	48	193	23
a	48	194	78
a	48	216	72
a	49	0	36
a	49	1	41
a	49	2	1
a	49	3	3
a	49	4	31
a	49	8	49
a	49	9	18
a	49	10	55
a	49	13	75
a	49	16	6
a	49	18	66
a	49	20	88
a	49	21	89
a	49	48	78
a	49	64	63
a	49	75	34
a	49	80	66
a	49	128	44
a	49	129	95
a	49	132	59
a	49	133	76
a	49	140	19
a	49	143	40
a	49	149	36
a	49	152	64
a	49	160	34
a	49	177	59
a	49	184	19
a	49	196	45
a	49	228	46
a	50	0	85
a	50	1	53
a	50	2	95
a	50	3	63
a	50	4	30
a	50	8	99
a	50	19	48
a	50	21	70
a	50	22	84
a	50	34	58
a	50	36	59
a	50	48	55
a	50	61	16
a	50	128	63
a	50	140	50
a	50	144	45
a	50	177	31
a	50	192	36
a	50	212	30
a	50	224	10
a	50	225	47
a	51	1	56
a	51	2	88
a	51	4	60
a	51	130	19
a	51	133	89
a	51	144	86
a	51	145	16
a	51	148	73
a	52	0	40
a	52	1	31
a	52	2	19
a	52	4	3
a	52	5	85
a	52	9	99
a	52	16	6
a	52	38	80
a	52	39	60
a	52	48	98
a	52	99	75
a	52	128	71
a	52	129	2
a	52	132	86
a	52	136	4
a	52	142	100
a	52	144	8
a	52	152	23
a	52	155	73
a	52	176	34
a	52	192	25
a	52	199	63
a	52	201	37
a	52	208	33
a	53	0	22
a	53	4	50
a	53	6	18
a	53	58	60
a	53	72	79
a	53	129	20
a	53	152	3
a	53	161	74
a	53	240	64
a	54	0	60
a	54	2	97
a	54	9	89
a	54	48	29
a	54	50	31
a	54	65	80
a	54	128	27
a	54	130	77
a	54	143	29
a	54	152	14
a	54	194	88
a	55	12	97
a	55	82	88
a	55	144	18
a	56	0	95
a	56	1	64
a	56	8	79
a	56	24	99
a	56	128	89
a	56	129	86
a	56	130	36
a	56	132	3
a	56	192	79
a	57	0	1
a	57	1	21
a	57	36	70
a	57	52	44
a	57	157	96
a	57	192	4
a	57	228	46
a	58	1	66
a	58	32	98
a	58	130	69
a	58	132	33
a	60	85	47
a	60	112	61
a	60	132	52
a	60	133	64
a	60	177	15
a	61	152	80
a	61	164	47
a	62	67	1
a	62	170	88
a	63	160	37
a	64	0	40
a	64	1	68
a	64	2	70
a	64	3	7
a	64	4	51
a	64	5	90
a	64	6	24
a	64	7	23
a	64	8	30
a	64	9	32
a	64	10	79
a	64	11	73
a	64	12	18
a	64	13	62
a	64	14	29
a	64	16	74
a	64	17	78
a	64	18	41
a	64	21	21
a	64	24	88
a	64	32	86
a	64	33	37
a	64	34	97
a	64	36	45
a	64	37	93
a	64	39	55
a	64	40	84
a	64	41	35
a	64	48	77
a	64	65	76
a	64	66	73
a	64	67	3
a	64	68	19
a	64	69	70
a	64	70	32
a	64	72	49
a	64	77	58
a	64	80	39
a	64	81	83
a	64	91	27
a	64	96	97
a	64	97	22
a	64	99	23
a	64	100	22
a	64	103	81
a	64	104	97
a	64	113	97
a	64	128	5
a	64	129	95
a	64	130	28
a	64	131	75
a	64	132	12
a	64	133	58
a	64	135	87
a	64	136	43
a	64	137	32
a	64	140	27
a	64	141	24
a	64	142	78
a	64	144	11
a	64	145	74
a	64	146	5
a	64	148	65
a	64	152	99
a	64	153	48
a	64	160	25
a	64	161	16
a	64	164	37
a	64	165	49
a	64	168	32
a	64	169	63
a	64	171	44
a	64	172	96
a	64	178	51
a	64	188	37
a	64	192	35
a	64	193	73
a	64	194	7
a	64	196	6
a	64	200	3
a	64	201	11
a	64	204	28
a	64	205	32
a	64	207	55
a	64	208	93
a	64	209	15
a	64	216	2
a	64	217	27
a	64	221	2
a	64	224	55
a	64	225	69
a	64	228	12
a	64	232	11
a	64	235	22
a	64	248	63
a	65	0	76
a	65	1	20
a	65	2	35
a	65	3	24
a	65	4	93
a	65	5	92
a	65	7	55
a	65	8	70
a	65	9	100
a	65	10	28
a	65	12	43
a	65	13	8
a	65	17	70
a	65	18	83
a	65	32	88
a	65	33	66
a	65	36	99
a	65	38	25
a	65	40	100
a	65	42	92
a	65	64	4
a	65	66	93
a	65	68	19
a	65	69	40
a	65	70	19
a	65	72	37
a	65	73	44
a	65	74	62
a	65	80	14
a	65	83	91
a	65	85	50
a	65	89	50
a	65	96	43
a	65	100	38
a	65	102	91
a	65	104	91
a	65	128	35
a	65	129	46
a	65	130	84
a	65	132	30
a	65	133	48
a	65	136	68
a	65	144	32
a	65	146	60
a	65	148	53
a	65	152	90
a	65	160	29
a	65	162	100
a	65	176	40
a	65	192	77
a	65	193	56
a	65	194	60
a	65	195	49
a	65	196	76
a	65	197	25
a	65	200	43
a	65	204	18
a	65	220	96
a	65	226	64
a	65	229	95
a	65	232	28
a	65	240	36
a	65	244	10
a	66	0	28
a	66	1	97
a	66	2	11
a	66	4	54
a	66	7	17
a	66	8	56
a	66	9	63
a	66	12	57
a	66	16	17
a	66	28	24
a	66	32	65
a	66	33	64
a	66	34	44
a	66	37	45
a	66	38	62
a	66	40	46
a	66	41	84
a	66	44	67
a	66	45	45
a	66	52	81
a	66	64	30
a	66	65	80
a	66	72	90
a	66	74	21
a	66	85	5
a	66	89	20
a	66	96	12
a	66	97	66
a	66	100	5
a	66	112	68
a	66	128	94
a	66	130	81
a	66	132	76
a	66	133	48
a	66	134	91
a	66	135	66
a	66	140	33
a	66	144	52
a	66	145	84
a	66	160	12
a	66	161	21
a	66	162	84
a	66	166	75
a	66	168	30
a	66	173	82
a	66	175	82
a	66	177	61
a	66	192	85
a	66	193	6
a	66	196	4
a	66	197	51
a	66	204	38
a	66	208	4
a	66	228	30
a	66	236	4
a	67	0	17
a	67	1	44
a	67	4	43
a	67	6	65
a	67	8	14
a	67	11	29
a	67	28	20
a	67	32	39
a	67	36	75
a	67	55	58
a	67	64	64
a	67	66	65
a	67	68	82
a	67	80	5
a	67	98	50
a	67	128	9
a	67	130	41
a	67	133	12
a	67	136	71
a	67	144	93
a	67	160	99
a	67	192	25
a	67	196	63
a	67	200	69
a	67	202	52
a	68	0	38
a	68	1	58
a	68	2	87
a	68	3	71
a	68	4	44
a	68	5	31
a	68	6	13
a	68	8	95
a	68	10	55
a	68	11	21
a	68	12	2
a	68	16	49
a	68	17	65
a	68	20	69
a	68	24	64
a	68	29	93
a	68	32	22
a	68	33	67
a	68	36	66
a	68	40	31
a	68	41	33
a	68	48	88
a	68	52	94
a	68	64	2
a	68	65	80
a	68	71	14
a	68	72	23
a	68	73	49
a	68	74	25
a	68	80	97
a	68	82	94
a	68	94	82
a	68	96	99
a	68	98	63
a	68	104	22
a	68	113	1
a	68	128	48
a	68	129	51
a	68	131	3
a	68	132	23
a	68	133	50
a	68	134	12
a	68	136	48
a	68	138	58
a	68	141	51
a	68	144	74
a	68	145	91
a	68	157	69
a	68	160	60
a	68	161	63
a	68	163	97
a	68	164	92
a	68	165	7
a	68	192	68
a	68	193	49
a	68	194	13
a	68	196	60
a	68	197	98
a	68	200	10
a	68	209	75
a	68	221	99
a	68	225	25
a	68	226	1
a	68	229	72
a	69	0	28
a	69	1	65
a	69	4	31
a	69	5	91
a	69	8	10
a	69	11	62
a	69	16	79
a	69	32	99
a	69	34	88
a	69	37	22
a	69	43	67
a	69	64	37
a	69	65	49
a	69	68	97
a	69	72	96
a	69	73	98
a	69	80	52
a	69	124	10
a	69	128	75
a	69	129	85
a	69	130	92
a	69	132	31
a	69	136	49
a	69	137	89
a	69	140	4
a	69	144	89
a	69	148	74
a	69	154	78
a	69	160	93
a	69	168	25
a	69	192	82
a	69	196	12
a	69	229	42
a	70	0	37
a	70	1	31
a	70	2	21
a	70	4	60
a	70	5	39
a	70	6	43
a	70	8	85
a	70	9	47
a	70	32	83
a	70	40	66
a	70	64	95
a	70	65	61
a	70	68	64
a	70	73	15
a	70	83	33
a	70	107	22
a	70	128	90
a	70	129	15
a	70	130	42
a	70	135	48
a	70	137	21
a	70	144	52
a	70	164	3
a	70	165	80
a	70	168	75
a	70	171	38
a	70	193	40
a	70	200	56
a	70	233	13
a	70	235	12
a	71	0	57
a	71	8	74
a	71	32	67
a	71	64	46
a	71	65	44
a	71	88	57
a	71	96	96
a	71	128	51
a	71	132	4
a	71	148	54
a	71	160	41
a	71	164	89
a	71	210	19
a	71	228	82
a	72	0	13
a	72	1	2
a	72	4	24
a	72	8	14
a	72	9	100
a	72	11	46
a	72	12	8
a	72	13	67
a	72	32	49
a	72	36	78
a	72	37	58
a	72	64	4
a	72	69	66
a	72	92	3
a	72	97	20
a	72	105	68
a	72	128	7
a	72	129	32
a	72	130	84
a	72	132	8
a	72	136	31
a	72	137	71
a	72	141	27
a	72	161	25
a	72	164	79
a	72	167	50
a	72	168	5
a	72	177	81
a	72	193	67
a	72	194	25
a	72	204	9
a	72	208	8
a	72	226	10
a	72	232	12
a	73	0	50
a	73	1	84
a	73	3	59
a	73	64	35
a	73	81	38
a	73	100	10
a	73	128	1
a	73	133	36
a	73	157	18
a	73	164	76
a	73	188	24
a	73	196	76
a	73	220	90
a	73	224	42
a	74	9	61
a	74	10	1
a	74	14	3
a	74	32	76
a	74	48	25
a	74	84	47
a	74	128	82
a	74	133	23
a	74	160	73
a	74	194	77
a	74	200	66
a	74	224	20
a	75	0	80
a	75	1	66
a	75	8	5
a	75	128	35
a	76	0	95
a	76	4	47
a	76	10	83
a	76	32	73
a	76	64	9
a	76	65	91
a	76	97	32
a	76	129	31
a	76	132	27
a	76	137	26
a	76	161	43
a	76	163	76
a	76	169	30
a	76	193	70
a	76	197	31
a	76	200	88
a	76	224	1
a	77	0	4
a	77	24	53
a	77	64	27
a	77	132	64
a	77	137	49
a	77	192	30
a	78	4	9
a	78	34	65
a	78	69	96
a	78	128	62
a	79	5	75
a	79	128	89
a	80	0	47
a	80	1	100
a	80	2	23
a	80	3	14
a	80	4	72
a	80	5	92
a	80	8	35
a	80	11	40
a	80	13	30
a	80	16	71
a	80	17	55
a	80	20	52
a	80	24	71
a	80	37	86
a	80	64	36
a	80	65	84
a	80	66	9
a	80	67	38
a	80	74	52
a	80	76	53
a	80	81	16
a	80	84	30
a	80	88	55
a	80	112	49
a	80	128	98
a	80	129	73
a	80	133	70
a	80	136	81
a	80	137	90
a	80	141	58
a	80	144	3
a	80	145	22
a	80	147	77
a	80	153	89
a	80	156	32
a	80	160	9
a	80	164	74
a	80	177	72
a	80	180	76
a	80	192	97
a	80	196	7
a	80	233	74
a	81	3	3
a	81	4	68
a	81	17	52
a	81	20	62
a	81	48	100
a	81	64	42
a	81	67	20
a	81	68	15
a	81	77	40
a	81	104	13
a	81	144	38
a	81	153	95
a	81	169	74
a	81	193	4
a	81	195	54
a	81	198	58
a	81	216	62
a	82	0	47
a	82	2	3
a	82	4	20
a	82	8	38
a	82	11	59
a	82	16	71
a	82	32	53
a	82	80	22
a	82	88	98
a	82	115	65
a	82	128	79
a	82	131	14
a	82	138	12
a	82	139	19
a	82	145	13
a	82	192	98
a	82	193	3
a	83	30	9
a	83	32	84
a	83	40	96
a	83	144	12
a	83	184	72
a	83	198	79
a	84	1	30
a	84	2	19
a	84	5	93
a	84	8	35
a	84	12	10
a	84	16	69
a	84	21	84
a	84	32	38
a	84	33	74
a	84	36	60
a	84	37	69
a	84	56	3
a	84	65	1
a	84	73	35
a	84	77	86
a	84	99	11
a	84	128	81
a	84	129	99
a	84	136	15
a	84	152	34
a	84	154	87
a	84	176	37
a	84	180	37
a	84	193	65
a	84	224	23
a	85	0	88
a	85	8	1
a	85	16	18
a	85	33	37
a	85	49	17
a	85	52	76
a	85	116	93
a	85	130	60
a	85	165	6
a	85	192	94
a	85	210	34
a	86	81	9
a	86	128	40
a	86	130	28
a	86	131	19
a	86	137	88
a	86	144	56
a	86	160	45
a	87	0	59
a	87	1	93
a	87	16	35
a	87	35	86
a	87	241	67
a	88	0	69
a	88	1	33
a	88	5	14
a	88	17	48
a	88	42	45
a	88	45	75
a	88	68	6
a	88	100	21
a	88	137	100
a	88	144	29
a	88	149	84
a	88	193	2
a	88	224	45
a	89	124	43
a	91	128	49
a	92	1	29
a	92	5	4
a	92	128	13
a	92	144	81
a	92	145	69
a	94	6	94
a	96	0	96
a	96	1	35
a	96	3	12
a	96	4	25
a	96	5	35
a	96	8	14
a	96	9	5
a	96	10	32
a	96	13	36
a	96	16	74
a	96	17	97
a	96	28	6
a	96	32	59
a	96	33	46
a	96	36	97
a	96	39	22
a	96	41	52
a	96	47	10
a	96	60	85
a	96	64	12
a	96	65	60
a	96	68	99
a	96	85	96
a	96	99	66
a	96	128	52
a	96	129	82
a	96	130	4
a	96	131	1
a	96	132	85
a	96	135	81
a	96	137	79
a	96	140	8
a	96	141	7
a	96	144	61
a	96	152	77
a	96	160	1
a	96	169	72
a	96	172	13
a	96	192	12
a	96	193	16
a	96	194	96
a	96	195	62
a	96	196	26
a	96	197	81
a	96	200	39
a	96	208	88
a	96	210	86
a	96	213	33
a	96	224	78
a	96	232	75
a	96	241	70
a	97	0	75
a	97	11	58
a	97	16	50
a	97	20	54
a	97	24	86
a	97	32	1
a	97	41	8
a	97	64	49
a	97	68	19
a	97	78	34
a	97	83	47
a	97	88	96
a	97	116	9
a	97	128	91
a	97	130	69
a	97	131	15
a	97	132	1
a	97	137	77
a	97	142	73
a	97	192	52
a	98	0	27
a	98	1	27
a	98	2	3
a	98	4	89
a	98	8	80
a	98	33	71
a	98	38	68
a	98	46	10
a	98	49	10
a	98	64	50
a	98	65	36
a	98	66	66
a	98	80	41
a	98	101	98
a	98	128	92
a	98	129	62
a	98	132	15
a	98	136	25
a	98	137	98
a	98	138	68
a	98	160	30
a	98	162	76
a	98	192	90
a	98	193	84
a	98	195	68
a	98	200	57
a	98	210	28
a	99	0	41
a	99	1	3
a	99	2	28
a	99	4	12
a	99	5	58
a	99	6	31
a	99	14	31
a	99	32	57
a	99	64	98
a	99	70	89
a	99	71	88
a	99	76	41
a	99	97	29
a	99	128	33
a	99	130	52
a	99	160	99
a	99	195	48
a	100	0	54
a	100	1	66
a	100	2	42
a	100	3	32
a	100	4	40
a	100	5	90
a	100	7	33
a	100	8	17
a	100	9	2
a	100	11	30
a	100	12	75
a	100	16	100
a	100	18	73
a	100	24	32
a	100	36	18
a	100	64	15
a	100	65	25
a	100	68	42
a	100	76	42
a	100	81	53
a	100	128	70
a	100	129	58
a	100	130	55
a	100	132	46
a	100	136	26
a	100	137	62
a	100	141	55
a	100	144	31
a	100	152	98
a	100	160	87
a	100	168	13
a	100	192	25
a	100	194	98
a	100	200	8
a	100	201	39
a	100	240	2
a	101	0	64
a	101	1	2
a	101	4	1
a	101	5	25
a	101	12	3
a	101	20	86
a	101	64	30
a	101	68	95
a	101	69	96
a	101	72	62
a	101	130	54
a	101	134	6
a	101	144	45
a	101	145	71
a	101	192	32
a	101	197	93
a	101	200	78
a	102	0	18
a	102	1	74
a	102	64	68
a	102	124	9
a	102	128	1
a	102	134	80
a	102	144	65
a	102	161	85
a	102	163	81
a	103	21	97
a	103	130	95
a	104	0	17
a	104	1	82
a	104	3	80
a	104	5	10
a	104	41	41
a	104	44	98
a	104	64	61
a	104	67	99
a	104	72	65
a	104	76	70
a	104	122	66
a	104	128	82
a	104	129	89
a	104	132	13
a	104	136	96
a	104	164	65
a	104	192	9
a	104	195	70
a	104	197	6
a	104	224	95
a	105	0	62
a	105	1	65
a	105	4	62
a	105	64	44
a	105	128	84
a	105	132	13
a	105	141	73
a	105	192	74
a	105	196	86
a	105	204	40
a	106	0	16
a	106	1	93
a	106	5	55
a	106	64	74
a	106	69	84
a	106	76	51
a	106	98	42
a	106	128	62
a	106	129	82
a	106	132	60
a	106	160	20
a	107	0	75
a	107	132	91
a	107	134	100
a	108	5	52
a	108	32	6
a	108	35	45
a	108	133	84
a	109	4	28
a	109	24	65
a	110	3	79
a	110	48	33
a	110	129	18
a	112	4	47
a	112	8	38
a	112	16	67
a	112	20	5
a	112	36	13
a	112	48	57
a	112	64	31
a	112	65	45
a	112	68	61
a	112	84	5
a	112	144	35
a	112	149	24
a	112	165	80
a	112	192	64
a	112	193	50
a	112	196	47
a	112	208	66
a	113	0	7
a	113	8	6
a	113	41	100
a	113	73	100
a	113	128	34
a	113	130	21
a	113	133	73
a	113	136	13
a	113	137	5
a	113	144	68
a	113	148	77
a	113	160	50
a	113	213	60
a	114	4	50
a	114	128	18
a	114	129	98
a	114	156	34
a	114	196	8
a	114	197	47
a	114	208	18
a	116	4	2
a	116	21	35
a	116	24	86
a	116	50	96
a	116	64	9
a	116	68	50
a	116	147	100
a	116	208	30
a	116	232	88
a	117	48	94
a	117	88	60
a	117	196	1
a	118	0	85
a	118	1	79
a	118	128	70
a	118	130	83
a	118	193	51
a	119	1	41
a	119	2	49
a	120	0	94
a	120	82	59
a	120	132	100
a	120	150	34
a	120	164	58
a	121	136	44
a	124	0	43
a	125	8	90
a	128	0	33
a	128	1	19
a	128	2	47
a	128	3	26
a	128	4	80
a	128	5	76
a	128	6	14
a	128	7	85
a	128	8	44
a	128	9	12
a	128	10	9
a	128	11	92
a	128	12	23
a	128	13	15
a	128	16	95
a	128	17	61
a	128	18	13
a	128	20	39
a	128	22	35
a	128	24	56
a	128	25	58
a	128	28	49
a	128	29	53
a	128	32	62
a	128	33	61
a	128	34	92
a	128	36	76
a	128	37	6
a	128	40	57
a	128	41	20
a	128	42	42
a	128	43	38
a	128	44	91
a	128	48	37
a	128	49	44
a	128	52	53
a	128	53	91
a	128	56	68
a	128	57	56
a	128	64	31
a	128	65	31
a	128	66	37
a	128	68	97
a	128	69	6
a	128	72	30
a	128	73	62
a	128	76	97
a	128	81	14
a	128	84	100
a	128	88	2
a	128	92	73
a	128	97	19
a	128	98	3
a	128	100	33
a	128	106	76
a	128	129	9
a	128	130	45
a	128	131	35
a	128	132	100
a	128	133	33
a	128	135	83
a	128	136	100
a	128	137	2
a	128	138	86
a	128	140	29
a	128	141	39
a	128	142	40
a	128	144	38
a	128	149	7
a	128	156	26
a	128	160	82
a	128	161	62
a	128	162	95
a	128	163	84
a	128	164	40
a	128	165	16
a	128	166	88
a	128	168	36
a	128	192	5
a	128	193	35
a	128	196	47
a	128	197	77
a	128	200	33
a	128	201	56
a	128	216	60
a	128	224	27
a	128	225	26
a	128	227	7
a	128	245	67
a	129	0	57
a	129	1	25
a	129	2	87
a	129	4	11
a	129	5	19
a	129	6	7
a	129	8	38
a	129	9	95
a	129	10	18
a	129	12	50
a	129	13	92
a	129	16	59
a	129	20	21
a	129	24	3
a	129	32	100
a	129	33	1
a	129	34	26
a	129	36	80
a	129	40	60
a	129	42	41
a	129	64	66
a	129	65	82
a	129	66	84
a	129	67	90
a	129	68	77
a	129	72	7
a	129	76	57
a	129	80	10
a	129	92	14
a	129	96	12
a	129	97	14
a	129	102	63
a	129	115	1
a	129	128	78
a	129	130	40
a	129	131	18
a	129	132	69
a	129	136	6
a	129	138	15
a	129	140	49
a	129	141	5
a	129	144	67
a	129	145	24
a	129	148	12
a	129	150	46
a	129	160	91
a	129	161	47
a	129	164	29
a	129	168	11
a	129	170	1
a	129	193	76
a	130	0	1
a	130	1	43
a	130	2	57
a	130	3	74
a	130	4	20
a	130	5	22
a	130	7	95
a	130	8	80
a	130	9	36
a	130	10	66
a	130	11	73
a	130	12	76
a	130	13	25
a	130	15	16
a	130	16	68
a	130	17	96
a	130	18	52
a	130	32	35
a	130	36	38
a	130	37	51
a	130	38	10
a	130	44	73
a	130	61	30
a	130	64	40
a	130	65	2
a	130	67	20
a	130	69	51
a	130	70	25
a	130	72	15
a	130	73	90
a	130	77	65
a	130	78	66
a	130	100	15
a	130	101	44
a	130	128	48
a	130	129	31
a	130	131	15
a	130	132	3
a	130	133	74
a	130	134	84
a	130	136	60
a	130	139	84
a	130	140	41
a	130	156	19
a	130	160	33
a	130	161	62
a	130	166	78
a	131	0	91
a	131	1	97
a	131	2	25
a	131	3	72
a	131	4	99
a	131	5	15
a	131	8	38
a	131	14	91
a	131	16	81
a	131	18	1
a	131	20	20
a	131	32	78
a	131	34	32
a	131	40	79
a	131	42	60
a	131	44	14
a	131	64	68
a	131	68	4
a	131	73	40
a	131	128	41
a	131	129	64
a	131	130	73
a	131	136	57
a	131	140	68
a	131	148	56
a	131	156	4
a	131	160	20
a	131	226	77
a	132	0	21
a	132	1	82
a	132	2	34
a	132	3	40
a	132	4	94
a	132	5	5
a	132	6	2
a	132	7	70
a	132	8	28
a	132	9	57
a	132	12	51
a	132	13	78
a	132	16	51
a	132	17	85
a	132	18	13
a	132	25	64
a	132	32	86
a	132	33	28
a	132	35	57
a	132	36	67
a	132	37	81
a	132	40	89
a	132	41	56
a	132	48	80
a	132	52	66
a	132	56	75
a	132	64	23
a	132	65	43
a	132	66	54
a	132	69	97
a	132	72	53
a	132	76	36
a	132	80	73
a	132	101	57
a	132	104	9
a	132	121	94
a	132	128	3
a	132	129	100
a	132	131	23
a	132	133	94
a	132	136	16
a	132	137	74
a	132	140	8
a	132	144	32
a	132	146	90
a	132	149	29
a	132	153	56
a	132	160	61
a	132	161	54
a	132	162	91
a	132	163	88
a	132	168	21
a	132	169	73
a	132	170	28
a	132	172	80
a	132	192	71
a	132	196	11
a	132	198	93
a	132	200	50
a	132	224	81
a	133	0	29
a	133	1	99
a	133	2	52
a	133	4	70
a	133	5	79
a	133	8	30
a	133	10	62
a	133	12	93
a	133	16	87
a	133	17	41
a	133	32	68
a	133	34	96
a	133	36	33
a	133	40	66
a	133	42	46
a	133	44	36
a	133	48	67
a	133	64	83
a	133	67	97
a	133	68	86
a	133	96	16
a	133	98	16
a	133	100	37
a	133	113	19
a	133	128	8
a	133	129	13
a	133	130	15
a	133	132	80
a	133	136	21
a	133	137	83
a	133	145	62
a	133	148	37
a	133	160	69
a	133	164	78
a	133	192	12
a	133	193	24
a	134	0	30
a	134	1	25
a	134	2	82
a	134	4	4
a	134	5	43
a	134	6	57
a	134	8	40
a	134	9	22
a	134	11	89
a	134	16	15
a	134	17	41
a	134	20	54
a	134	32	52
a	134	35	65
a	134	36	7
a	134	41	47
a	134	64	36
a	134	68	35
a	134	80	29
a	134	96	45
a	134	97	86
a	134	128	46
a	134	129	30
a	134	130	71
a	134	136	35
a	134	137	52
a	134	148	54
a	134	160	48
a	134	192	26
a	134	193	69
a	134	228	82
a	135	0	68
a	135	2	32
a	135	4	50
a	135	5	96
a	135	8	99
a	135	9	69
a	135	12	16
a	135	16	63
a	135	36	18
a	135	41	50
a	135	64	91
a	135	70	8
a	135	85	95
a	135	132	79
a	135	138	28
a	136	0	14
a	136	1	14
a	136	2	94
a	136	4	68
a	136	8	28
a	136	12	67
a	136	13	3
a	136	14	25
a	136	16	12
a	136	17	66
a	136	32	72
a	136	33	34
a	136	39	30
a	136	40	93
a	136	46	16
a	136	64	46
a	136	74	69
a	136	97	9
a	136	102	72
a	136	128	37
a	136	129	73
a	136	132	67
a	136	137	95
a	136	138	18
a	136	160	26
a	136	172	19
a	136	238	27
a	137	0	16
a	137	1	40
a	137	4	78
a	137	16	14
a	137	36	96
a	137	40	76
a	137	116	53
a	137	128	18
a	137	130	90
a	137	134	37
a	137	136	26
a	137	138	55
a	137	152	88
a	137	154	10
a	137	161	51
a	138	0	38
a	138	1	7
a	138	8	35
a	138	10	64
a	138	25	91
a	138	26	15
a	138	32	74
a	138	44	40
a	138	48	18
a	138	64	69
a	138	65	89
a	138	68	75
a	138	72	15
a	138	96	71
a	138	128	37
a	138	129	94
a	138	133	80
a	138	145	32
a	138	160	1
a	138	168	99
a	138	182	91
a	139	4	64
a	139	5	98
a	139	6	91
a	139	26	84
a	139	66	58
a	139	128	5
a	140	0	77
a	140	1	70
a	140	2	9
a	140	4	28
a	140	5	73
a	140	8	16
a	140	10	8
a	140	18	21
a	140	20	65
a	140	32	31
a	140	36	57
a	140	41	85
a	140	76	19
a	140	128	23
a	140	129	47
a	140	132	91
a	140	137	63
a	140	160	59
a	140	192	14
a	141	0	27
a	141	3	34
a	141	33	53
a	141	74	35
a	141	128	62
a	141	136	35
a	141	148	9
a	142	0	94
a	142	1	19
a	142	2	16
a	142	32	88
a	142	128	88
a	143	0	83
a	143	1	21
a	144	0	76
a	144	1	96
a	144	2	57
a	144	3	5
a	144	4	42
a	144	5	60
a	144	8	79
a	144	9	9
a	144	13	53
a	144	16	20
a	144	17	81
a	144	18	65
a	144	20	21
a	144	21	63
a	144	23	4
a	144	24	24
a	144	29	86
a	144	32	60
a	144	48	53
a	144	58	95
a	144	64	37
a	144	65	7
a	144	80	35
a	144	89	73
a	144	128	64
a	144	129	88
a	144	132	61
a	144	146	81
a	144	148	2
a	144	153	12
a	144	154	32
a	144	160	32
a	144	161	65
a	144	164	99
a	144	170	85
a	144	192	86
a	145	0	32
a	145	3	37
a	145	4	10
a	145	5	91
a	145	6	67
a	145	12	55
a	145	16	67
a	145	18	58
a	145	20	93
a	145	24	93
a	145	32	91
a	145	34	52
a	145	38	88
a	145	40	57
a	145	64	30
a	145	85	62
a	145	88	75
a	145	89	83
a	145	112	9
a	145	130	77
a	145	132	51
a	145	153	47
a	145	161	40
a	145	196	93
a	146	1	18
a	146	9	14
a	146	11	52
a	146	16	69
a	146	22	30
a	146	32	32
a	146	37	21
a	146	43	76
a	146	68	18
a	146	86	1
a	146	128	53
a	146	138	47
a	146	145	54
a	146	176	84
a	146	181	2
a	146	196	43
a	147	21	7
a	147	36	96
a	147	70	57
a	147	76	98
a	147	157	89
a	147	158	25
a	147	180	27
a	147	243	77
a	148	0	56
a	148	1	50
a	148	3	12
a	148	4	23
a	148	7	68
a	148	8	11
a	148	16	29
a	148	17	61
a	148	25	45
a	148	36	1
a	148	48	86
a	148	52	29
a	148	57	25
a	148	65	49
a	148	66	97
a	148	69	71
a	148	129	80
a	148	130	1
a	148	144	89
a	148	165	26
a	148	208	59
a	148	209	97
a	149	1	39
a	149	17	55
a	149	21	44
a	149	28	58
a	149	32	81
a	149	37	79
a	149	52	12
a	149	64	16
a	149	80	8
a	149	132	50
a	149	156	53
a	149	161	17
a	150	0	7
a	150	3	36
a	150	5	74
a	150	131	23
a	150	133	60
a	150	166	51
a	151	0	33
a	151	70	31
a	152	0	82
a	152	3	26
a	152	20	44
a	152	33	72
a	152	64	72
a	152	68	24
a	152	112	18
a	153	0	37
a	153	36	42
a	156	0	23
a	156	1	92
a	156	16	23
a	156	17	53
a	156	128	58
a	157	64	98
a	158	6	45
a	158	67	48
a	158	146	33
a	160	0	15
a	160	1	53
a	160	2	24
a	160	3	13
a	160	4	86
a	160	5	12
a	160	6	75
a	160	7	79
a	160	8	29
a	160	9	97
a	160	10	52
a	160	12	93
a	160	13	92
a	160	16	50
a	160	17	30
a	160	19	83
a	160	21	73
a	160	22	26
a	160	32	59
a	160	35	82
a	160	36	9
a	160	37	29
a	160	38	71
a	160	40	42
a	160	44	95
a	160	48	58
a	160	54	77
a	160	61	81
a	160	64	51
a	160	65	14
a	160	68	85
a	160	74	3
a	160	76	54
a	160	81	34
a	160	96	51
a	160	128	97
a	160	129	59
a	160	130	15
a	160	131	27
a	160	132	65
a	160	133	25
a	160	134	47
a	160	136	50
a	160	137	79
a	160	138	72
a	160	140	23
a	160	141	91
a	160	144	68
a	160	146	34
a	160	152	74
a	160	153	29
a	160	161	57
a	160	163	47
a	160	168	53
a	160	176	81
a	160	192	68
a	160	193	42
a	160	194	69
a	160	196	3
a	160	204	43
a	160	208	61
a	161	0	5
a	161	1	93
a	161	2	50
a	161	4	11
a	161	5	21
a	161	6	90
a	161	8	26
a	161	9	92
a	161	12	93
a	161	16	56
a	161	20	81
a	161	24	86
a	161	32	58
a	161	34	57
a	161	40	91
a	161	48	43
a	161	64	33
a	161	65	40
a	161	66	25
a	161	68	45
a	161	83	50
a	161	128	11
a	161	129	54
a	161	132	45
a	161	136	36
a	161	144	79
a	161	156	60
a	161	160	75
a	161	162	30
a	161	164	74
a	161	165	28
a	161	194	74
a	161	196	13
a	161	224	12
a	162	0	4
a	162	1	43
a	162	2	79
a	162	4	65
a	162	6	84
a	162	8	54
a	162	9	67
a	162	11	90
a	162	13	95
a	162	16	37
a	162	17	86
a	162	20	98
a	162	21	11
a	162	33	23
a	162	34	54
a	162	36	19
a	162	37	15
a	162	68	28
a	162	78	20
a	162	128	61
a	162	129	4
a	162	132	60
a	162	135	24
a	162	136	85
a	162	137	94
a	162	139	33
a	162	149	43
a	162	152	98
a	162	192	13
a	163	0	48
a	163	4	88
a	163	32	57
a	163	64	15
a	163	128	66
a	163	130	80
a	163	140	91
a	163	144	52
a	163	145	27
a	163	148	46
a	163	160	36
a	163	194	19
a	164	0	64
a	164	1	23
a	164	2	56
a	164	4	15
a	164	5	78
a	164	6	8
a	164	8	80
a	164	9	6
a	164	12	66
a	164	16	89
a	164	17	18
a	164	27	4
a	164	28	34
a	164	32	51
a	164	33	25
a	164	37	51
a	164	40	87
a	164	48	53
a	164	64	5
a	164	68	5
a	164	74	57
a	164	87	60
a	164	128	85
a	164	129	7
a	164	130	64
a	164	133	63
a	164	136	41
a	164	141	73
a	164	144	45
a	164	145	20
a	164	160	2
a	164	165	78
a	164	195	24
a	164	197	96
a	164	200	40
a	165	0	37
a	165	2	59
a	165	4	40
a	165	8	16
a	165	10	44
a	165	19	75
a	165	64	33
a	165	65	18
a	165	80	40
a	165	128	25
a	165	133	70
a	165	136	93
a	165	143	30
a	165	160	75
a	166	0	8
a	166	1	44
a	166	4	68
a	166	7	60
a	166	24	86
a	166	105	23
a	166	130	51
a	166	132	90
a	166	200	5
a	166	201	11
a	167	0	83
a	167	4	54
a	168	0	37
a	168	4	77
a	168	5	39
a	168	8	2
a	168	11	70
a	168	12	82
a	168	32	11
a	168	35	62
a	168	48	14
a	168	68	94
a	168	101	23
a	168	129	71
a	168	134	96
a	168	170	55
a	168	213	66
a	169	0	39
a	169	3	20
a	169	20	65
a	169	21	3
a	169	41	100
a	169	128	88
a	169	145	94
a	169	185	67
a	170	1	61
a	170	3	6
a	170	4	44
a	170	10	91
a	170	11	54
a	170	13	87
a	170	32	51
a	170	36	47
a	170	131	88
a	171	4	63
a	171	34	85
a	171	72	14
a	171	128	52
a	172	0	14
a	172	1	1
a	172	2	60
a	172	11	35
a	172	12	14
a	172	64	88
a	172	67	10
a	172	68	2
a	172	136	58
a	172	153	74
a	172	160	93
a	172	208	98
a	173	2	95
a	173	129	54
a	173	136	90
a	174	140	98
a	175	9	48
a	175	144	20
a	176	0	25
a	176	1	16
a	176	3	48
a	176	4	23
a	176	8	23
a	176	12	42
a	176	16	87
a	176	29	44
a	176	60	24
a	176	65	26
a	176	100	84
a	176	136	61
a	176	233	64
a	177	0	24
a	177	1	98
a	177	4	9
a	177	18	73
a	177	40	41
a	177	59	76
a	177	64	43
a	177	128	90
a	178	27	16
a	178	32	38
a	178	64	82
a	178	145	94
a	179	0	5
a	179	19	41
a	179	112	80
a	179	168	20
a	180	0	1
a	180	1	42
a	180	15	49
a	180	16	58
a	180	32	29
a	180	52	55
a	180	67	81
a	180	76	84
a	180	125	28
a	180	145	61
a	180	146	20
a	180	148	34
a	180	156	27
a	181	0	74
a	181	6	78
a	181	16	88
a	181	56	36
a	181	128	94
a	181	136	48
a	181	137	65
a	181	144	59
a	181	156	91
a	181	192	86
a	182	3	54
a	182	128	57
a	183	16	89
a	183	166	76
a	184	0	4
a	184	64	47
a	185	8	23
a	185	208	2
a	187	138	36
a	187	152	45
a	188	146	96
a	192	0	95
a	192	1	46
a	192	2	84
a	192	3	65
a	192	4	74
a	192	5	21
a	192	8	30
a	192	9	31
a	192	12	40
a	192	15	61
a	192	16	5
a	192	17	23
a	192	32	52
a	192	33	70
a	192	36	38
a	192	37	48
a	192	40	72
a	192	43	48
a	192	64	14
a	192	65	68
a	192	66	74
a	192	67	6
a	192	68	5
a	192	69	35
a	192	70	11
a	192	71	87
a	192	72	94
a	192	96	61
a	192	100	24
a	192	102	91
a	192	112	27
a	192	128	39
a	192	129	30
a	192	132	66
a	192	134	53
a	192	136	28
a	192	145	37
a	192	157	94
a	192	160	55
a	192	163	87
a	192	165	19
a	192	193	50
a	192	200	19
a	192	205	43
a	192	244	70
a	193	0	67
a	193	1	9
a	193	2	74
a	193	8	69
a	193	16	90
a	193	32	51
a	193	36	3
a	193	47	14
a	193	64	30
a	193	65	4
a	193	68	36
a	193	73	97
a	193	80	68
a	193	82	29
a	193	88	59
a	193	96	56
a	193	128	16
a	193	132	77
a	193	140	3
a	193	145	52
a	193	160	53
a	193	192	16
a	193	194	17
a	193	196	74
a	193	197	11
a	193	200	14
a	193	203	59
a	193	204	30
a	194	0	4
a	194	1	77
a	194	2	36
a	194	4	28
a	194	8	82
a	194	16	64
a	194	26	53
a	194	33	80
a	194	40	96
a	194	66	94
a	194	68	80
a	194	72	48
a	194	76	87
a	194	85	94
a	194	98	56
a	194	128	2
a	194	129	66
a	194	132	52
a	194	133	76
a	194	136	12
a	194	162	87
a	194	193	60
a	194	196	55
a	194	225	46
a	195	0	36
a	195	7	77
a	195	8	91
a	195	32	34
a	195	35	85
a	195	64	49
a	195	67	45
a	195	73	4
a	195	131	92
a	195	140	71
a	195	192	17
a	195	220	31
a	195	224	99
a	196	0	85
a	196	1	73
a	196	2	4
a	196	5	57
a	196	8	19
a	196	9	67
a	196	20	92
a	196	32	80
a	196	33	88
a	196	36	26
a	196	40	20
a	196	64	61
a	196	65	47
a	196	66	58
a	196	68	84
a	196	69	92
a	196	70	72
a	196	96	1
a	196	98	91
a	196	100	41
a	196	101	49
a	196	128	64
a	196	132	73
a	196	133	47
a	196	136	3
a	196	137	78
a	196	138	30
a	196	145	41
a	196	148	41
a	196	154	25
a	196	168	23
a	196	192	43
a	196	194	47
a	196	200	90
a	196	227	30
a	197	0	97
a	197	8	47
a	197	12	19
a	197	16	7
a	197	24	29
a	197	32	56
a	197	40	52
a	197	98	32
a	197	128	29
a	197	133	42
a	197	134	67
a	197	144	1
a	197	156	96
a	197	162	74
a	198	0	15
a	198	2	20
a	198	6	22
a	198	15	62
a	198	17	34
a	198	32	51
a	198	33	34
a	198	66	48
a	198	72	97
a	198	82	51
a	198	193	75
a	198	194	75
a	199	64	17
a	199	65	19
a	199	148	52
a	199	166	30
a	200	0	64
a	200	1	6
a	200	4	33
a	200	5	52
a	200	12	46
a	200	27	25
a	200	34	95
a	200	40	40
a	200	64	36
a	200	68	80
a	200	136	75
a	200	144	85
a	200	192	56
a	200	196	2
a	201	0	10
a	201	40	92
a	201	112	74
a	201	224	28
a	202	161	95
a	203	100	97
a	203	141	19
a	204	3	2
a	204	5	65
a	204	20	24
a	204	65	12
a	204	128	36
a	204	136	42
a	204	194	14
a	204	213	73
a	205	0	80
a	205	2	45
a	206	0	42
a	206	2	90
a	206	9	35
a	206	133	12
a	207	5	19
a	207	37	10
a	207	136	17
a	208	1	17
a	208	4	10
a	208	5	91
a	208	49	96
a	208	67	30
a	208	72	41
a	208	96	97
a	208	128	100
a	208	136	22
a	208	144	52
a	208	196	94
a	208	240	97
a	209	12	34
a	209	128	51
a	209	144	25
a	209	160	73
a	209	228	68
a	210	0	67
a	210	4	29
a	210	64	81
a	210	136	27
a	210	192	8
a	210	228	57
a	212	0	5
a	212	16	79
a	212	20	59
a	212	32	34
a	212	64	14
a	212	128	74
a	213	0	21
a	213	64	24
a	213	76	64
a	213	128	79
a	214	64	72
a	214	69	60
a	216	4	100
a	216	17	54
a	216	24	52
a	216	128	45
a	216	229	47
a	217	112	33
a	218	17	81
a	224	0	23
a	224	1	99
a	224	4	45
a	224	5	67
a	224	8	76
a	224	18	46
a	224	20	83
a	224	32	17
a	224	36	97
a	224	39	65
a	224	41	33
a	224	64	94
a	224	65	16
a	224	68	99
a	224	77	96
a	224	84	89
a	224	88	98
a	224	128	58
a	224	129	88
a	224	130	9
a	224	133	92
a	224	136	53
a	224	141	14
a	224	144	28
a	224	164	93
a	224	212	71
a	224	232	36
a	225	1	79
a	225	4	46
a	225	8	70
a	225	29	86
a	225	32	98
a	225	35	16
a	225	37	99
a	225	65	96
a	225	66	4
a	225	68	18
a	225	72	78
a	225	148	31
a	225	160	74
a	225	204	68
a	226	1	33
a	226	3	97
a	226	12	25
a	226	45	91
a	226	65	77
a	226	68	79
a	226	80	4
a	226	96	87
a	227	0	80
a	227	128	17
a	228	0	50
a	228	3	33
a	228	9	13
a	228	12	25
a	228	17	48
a	228	64	8
a	228	66	45
a	228	72	59
a	228	80	31
a	228	81	62
a	228	96	2
a	228	129	73
a	228	137	65
a	229	0	62
a	229	1	85
a	229	16	45
a	229	74	40
a	229	136	14
a	229	192	68
a	230	0	39
a	230	65	43
a	230	134	94
a	231	46	48
a	231	71	49
a	232	0	99
a	232	68	39
a	233	10	61
a	233	128	88
a	233	204	45
a	234	0	8
a	234	139	43
a	234	168	85
a	236	11	30
a	236	163	56
a	237	9	79
a	240	5	68
a	240	16	99
a	240	28	26
a	240	66	83
a	240	128	100
a	240	129	34
a	240	144	10
a	240	198	86
a	241	36	94
a	241	45	33
a	242	81	89
a	242	83	36
a	242	196	82
a	243	64	98
a	244	2	15
a	244	64	88
a	244	69	84
a	244	72	54
a	244	129	30
a	248	0	99
a	248	24	15
a	248	170	33
a	249	68	34
a	250	128	76
a	252	64	100
